59
7341
524009
26530634
1051878681
619566572568
90818038926773
3028517681187544
841495876281177858
21467158027962393109
5634355378318118909315
785304218493321397113751
45038179051878861330639995
3987962803384217828758072257
061751170793090775979578870853
67665960889994655577553427537828
7640410487160942756923973060107987
121044262136328498601312361663319135
70390605552738482822343562621514948986
6656688496213434348162406554620598030260
388946379954345336147026029045133161837347
36106396604941053742145884939617094305430659
6657875761283751847379153995888743391186777418
544205793049997346375002450954522795276519452645
71391778762952901899781935627119236593854933750902
3324476160553288575591544657077798528099242546787905
920913551067267876826349513124680557075469216743176312
24590608987466266160130309092430710888707270299011824134
6682670436609277918562495961309029942641890453228341097490
482826372852772651321898793662131708195489297368421408167037
37606970727109591360381357360930438930391502447305732663568612
5555855062998477288503212722192682695404130785140115705989951019
040931929138928698752105644262843620734221232251517925458553034322
75630249141289146078921644823830721146529027086578038541577939523348
7827565639131943867258953907043421983915398489698446375759355950261593
428936277891241117410594076951960396479090459120505610323649045385922565
52096130619766219692989006349660326968337584183171508463030319112842754545
6131616896344939057176596267064796993421324752077160427294568283844094878246
012060141738267866814595185198814816538837526995729322349820542773615663603463
93429483476127517979450144733170834288255351301565948044618412770262026594421494
3273096768297498101985483831856753939377476739729453184377407832295924060283506066
320144301651158198151062867950624560703831856561640669841422564309486669839160403661
92482299159564430116940299191769115897568931774567961273082036478144506468854081855209
9135924532846215196421660601528062591225882891504016229992798751217774770742384274830205
461977662418053202843199925896729136629955295342123726588950661982751248248791850207037686
99988493071733619220666024664030670537292496032770621304454759884320661546923004716678705399
6760380688041772109971074225540526649150457106306748698208568067184666630120088047079116037987
185478498048774068236088588033571169555364029449609216358121829625249618020549035077063284271838
68015004032142945324890592265236681185010442024515065004537325748188982167847997992095044046025887
9410027888522103886006534971209112650749212211415899361609481724523623157216845602994376817129394917
643959848616176603094306641863296806230787142635171298415364781898272884806775621011769054100554413966
43831837323152299547087635110453354334105257123620394055784407313826081556888601526210243205606553285799
0350035207734992668001460867253673930742255313967683879054897822789173516909799483530940696210794947038130
715473335176595479375645841762219869419565243937620324485464468271783367091696685274796832211378966009692036
73262144463817836598072352466197331360317015367731585693756821366953907525823950659429301133111396025647074902
7646733010206070145634263739482455768491398695615014539364673731108442704820107260618479696599738925854892569716
031480272230442767757932515481296514190413820491434012522999077660250107617137924047996657014344224053530969268107
49805690938747137528872372793218272028103759211870047996033145718106141817053150927923470939479143546947429562463285
3718628587286405775147263065057065755980425225204410921771955214771324551165269101306315494841176747036820909832044068
905158600655236805197694823696433890872833830517708396930604784780062384752387729914509892389064615876943666878051356138
57956406533682514033471407987865395853065053046940683669757875600332392474472690134044719076512436502545708061806143906411
1829865668427910424430129618231852590299674660864338551744934221551447345516492423299651551046532792274663573065432721202483
817293196952480113839269204869592062054228899099327284170887360360313636812697364854565627169108231187993347021444737099433533
90566186561270596332011581477176953265805470345140453304645578688847314768870384234489723508317663269085966765911914178604713295
3713042264373728566286330737104452825206195257759026912406211467763046143589894103645697876322340379174511532556966123186331373747
772326707276770428647169148596549548066299838677977571663019579033016061141290993277564118148749101490641850217414168805457382477444
22974113343154615694032459279877040937401226870971700718645780211271839460397379731997326429410748848567127495202452416756612993357269
7223636601110730525695166526839050746018164843773711999830949126627345128773472701886699214195800253233261483243438314669591198180672588
086232189214837137961183399905162327106702254411553146644156447426815131458587098195222876694648648767762789311174166203609442470934949372
56189018421742321486065333959935291544204959255434598421235435907816931337885419866768556684654298378756332858382838662752218115082297328527
9153402813349125016350372249715832283018689423836362947680419022825229121856100835143757236567407239933970894034074694222005536456300556618827
239511123769682466108770435075076241835895938979453902220522954362116829174026442571871670851925599490414180617055608433957642631509034038120332
09845680615585971694829498578430844893907105959073173098406465890779091956364230236973720705276124314348718421282665655965747720108161849508522370
4781280998516764355159369282776580247253220727102128302248828048562014431825509590317708094844809022934582171396252608733499064924068351401415102501
542510813064247475803675826022697291456703627954897444836496667344307450370509977001604637913975751858527278518186520897014643669862811870937308324634
96808207597192531920886603262610242750829473630851332245191358339015225036135506354782523361362728469814732073321626805347667638944502012252479664585239
8846233974638164209033337655582610464226747412833243090273558654853428232979916247418287992248902005967595044328813981012842782539779057589817367322637451
293974949578642438866387930670922216806429522027235014138715729681220849723070247931166459218934969148764353880157802381907958018087179986907263326914288869
37177195569371354345049892948496113031273160920348059891869435909008481933286837592665965068220709493431774943067517818761795226277229500798860117104664241856
5130259488857991403363844967989215267519820518786593614891435941705122159281679146981111653166109865832105560598736746746934083005520798329530946550246328819957
192361360989719865173029892679749411444897548155396669452847138615767470843236337920781441478928810599668186382606251360545523532705892523111354595456341624534406
13405772211560080419119834450997867103155619154497319004878776081230246284281285825399521394066597860950946869743067879463077827803669410692327837823005188799721999
4420557769912731288180270207972395981225752947710747783941592776131566616835698616536763998541560828334094769085317024658465998219255437214633025299513326048702081896
544261459106647980823216836342491978659740421461493404182598593082722688543621750388995346515578229434406887842530762508928442614038099940232939465510903584567063239139
52920371890709376866582044925156137179992637020616673652581679735660592744779482205098330987943740836483588517765302835222273920489245210942242312375228507879208662732059
5496801591909970100958909350819954383610301135841645821811973643967997654048231917316452656537326576997934657927553303013327612866080470494648830145199613811421317993855005
929248845998315323271522799524760579169397893889428302889495822101974839317809655056976101076527212314158097447849353345817434053157093894076954693265684668789024284951458635
41638976873186094614878222294716131070728295486458431375426921126713648558239809377605223112665029998672452510281906904329316779462574149735763765462382062230769366941796132072
6340780852099041702836144644859624525815873705989939136176384499837490225380569830516339443091910422277317355318354554562778481369364438712530561522734332695925938345113494443992
123656881396161255541147197817176881775142559985662781799342656169741401185612015837912242668325190496412545186996883693101298324483830472910427730734377160593101545444969383360445
30182220429665791741556994812980913185254726434902993467997616141593083299446177675043558755537217466225509973059348173170805909445945137466589487731614853874996423792871422037823123
5196396546715613296853864533514912912121768502179815461260218830928344594250278846869473455423241410942120342351048399759063601622338370113210502930834611053117864249014463286007789540
446189590449512769714676440409345639150694917590652756237406233336691439053435573322764656106165980916690462651899764918726673838240763189912788173541353251326752687485805707116266472267
65371997261716242417503764822436321168346931328979939668499014230404679981747074369668096439883554899658662788973214063578207106856657025891720529567348865209932257794212013168175963760777
7381141317201109018308859170846362773707470159953969392199098702971692367471906633737375529111122653052626486150906501874247743522732426567052054841311883272139808526084402710763220552190820
172521117293334964235382031391658502400542317742053606540458077687832557661274338537743220690397916882441914892885858053348758988878486598401157106770816079747297597947302054808991140533367939
60855939600757767792063515722341455295186479865356316911913184504482228141403042309148947476645874259657141903992883157599018985795003953267440807416264292014762655487169661972442514014874129807
6466842418162748201447693086484023166121515026473533912878644368047951081960529506684686359727580465305899121275913950314264700446079873989337897791647164656621786281744220837073957845922734537115
301185313471134805144403196723731957069094725769816259688857556949130787978089057105052638401662459918389824212662746904855777355867917979578628663472517678369563900878476345312270524879941577616768
23334481809293759488236139762203289432064965413418230847626003633313805231547343702616695787833103937081479577442968395156596307257007774353640394429539180166211697205090167010956929062561412615596335
